1 4
2 3
2 7
2 8
3 2
4 1
4 9
5 6
5 11
6 5
6 7
6 12
7 2
7 6
7 13
8 2
8 14
9 4
9 10
9 15
10 9
10 11
11 5
11 10
11 15
11 16
11 21
12 6
12 13
12 16
13 7
13 12
13 14
13 17
14 8
14 13
14 18
14 19
15 9
15 11
15 20
15 21
16 11
16 12
16 17
16 22
17 13
17 16
17 23
18 14
18 19
18 23
19 14
19 18
20 15
20 25
21 11
21 15
21 22
21 27
22 16
22 21
22 23
23 17
23 18
23 22
23 24
23 29
23 30
24 23
25 20
25 26
25 31
25 32
26 25
27 21
27 28
27 33
27 34
28 27
28 29
28 34
29 23
29 28
29 35
30 23
30 35
31 25
32 25
32 33
33 27
33 32
33 36
34 27
34 28
34 35
34 37
35 29
35 30
35 34
35 38
36 33
36 37
37 34
37 36
37 38
38 35
38 37
